 8 
 .01 
 2.61776061776063 
 27.0487254939428 
 6.97273148187247E-03 
 5.4 
 15.63 
 3.75178492412043E-03 
 7.86593493238553 
 10.0525011850269 
 3.75178492412043E-03 
 11.43 
 4.91 
 .01 
 13.81 
 2.16 
 3.75178492412043E-03 
 16.86 
 1.37 
 .03 
 19.04 
 3.32 
 5.48277271381882E-03 
 20.2092576484799 
 11.9069444479905 
 0 
 1.6 
 46.46095 
 1.99133047582289 
 2.86 
 46.46095 
 5.05 
 4.84 
 46.46095 
 7.92 
 10.19 
 46.46095 
 7.65 
 14.48 
 46.46095 
 5.54666729102598 
 18.93 
 46.46095 
 3.14510564421812 
 21.03 
 46.46095 
 0 
 21.73 
 46.46095 
 0 
 .88 
 129.5668 
 3.62 
 .97 
 129.5668 
 8.41 
 2.85 
 129.5668 
 12.56 
 9.37 
 129.5668 
 12.16 
 14.94 
 129.57 
 9.59 
 20.24 
 129.5668 
 5.7 
 22.94 
 129.5668 
 0 
 23.59 
 129.5668 
 0 
 2.4 
 218.56 
 2.22 
 3.24 
 218.56 
 4.93986701727738 
 4.9 
 218.56 
 7.96 
 10.19 
 218.56 
 7.59 
 14.41 
 218.56 
 5.62358563558566 
 18.98 
 218.56 
 3.17259282425198 
 21.084 
 218.56 
 0 
 21.6 
 218.56 
 2.78909259274899E-02 
 4.29 
 248.6 
 0 
 5.87 
 254.13 
 1.52 
 7.01 
 258.61 
 3.46 
 10.84 
 261.51 
 3.14 
 14.12 
 262.82 
 1.55 
 17.38 
 264 
 .03 
 19.04 
 263.747773913708 
 0 
 18.54 
 264.2 
-1 
 .01 
 2.61776061776063 
 27.0487254939428 
 6.97273148187247E-03 
 5.4 
 15.63 
 3.75178492412043E-03 
 7.86593493238553 
 10.0525011850269 
 3.75178492412043E-03 
 11.43 
 4.91 
 .01 
 13.81 
 2.16 
 3.75178492412043E-03 
 16.86 
 1.37 
 .03 
 19.04 
 3.32 
 5.48277271381882E-03 
 20.2092576484799 
 11.9069444479905 
 6.23962082395032E-03 
 2.2476498565356 
 33.6194669959619 
 .729737535326676 
 4.47421645016347 
 26.0069833333333 
 1.84785681752411 
 6.75897610656895 
 22.2886507900179 
 2.91263502479672 
 10.9787131174852 
 18.8603166666667 
 2.81139643166714 
 14.0514233925091 
 17.0269833333333 
 2.00209355799677 
 17.61678209024 
 16.5003166666667 
 1.14639598029694 
 19.7408925227333 
 17.8003166666667 
 3.37453803238298E-03 
 20.7434609909334 
 23.5249462986603 
 2.77079830074537E-03 
 1.89742563520017 
 40.1902084979809 
 1.41043768516747 
 3.60276407166182 
 36.3839666666667 
 3.57876727395437 
 5.72077858344596 
 34.524800395009 
 5.63013106186159 
 10.5540815547586 
 32.8106333333333 
 5.43195212285884 
 14.2802231212142 
 31.8939666666667 
 3.89506568310051 
 18.3262189184978 
 31.6306333333333 
 2.20885171092719 
 20.4166866020468 
 32.2806333333333 
 1.46879032794538E-03 
 21.2601606835588 
 35.1429481493302 
 0 
 1.6 
 46.46095 
 1.99133047582289 
 2.86 
 46.46095 
 5.05 
 4.84 
 46.46095 
 7.92 
 10.19 
 46.46095 
 7.65 
 14.48 
 46.46095 
 5.54666729102598 
 18.93 
 46.46095 
 3.14510564421812 
 21.03 
 46.46095 
 0 
 21.73 
 46.46095 
-4.40065585967087E-03 
 .845931020721439 
 74.2629 
 3.04845544440702 
 1.52103700905251 
 74.2629 
 7.34531053197329 
 3.47436317531167 
 74.2629 
 11.0427139063279 
 9.66689265938963 
 74.2629 
 10.5610331698655 
 14.7648245228646 
 74.2639666666667 
 7.87135890485712 
 19.725276154938 
 74.2629 
 4.55436632866237 
 22.0220938553062 
 74.2629 
-1.50137932950439E-03 
 22.6774060252469 
 74.2629 
-1.65003555446624E-03 
 .740720164787752 
 102.06485 
 3.49578951597992 
 1.00373290168359 
 102.06485 
 8.323849309787 
 2.89985031129619 
 102.06485 
 12.4165598365596 
 9.41008783826647 
 102.06485 
 11.9444638039111 
 14.9180236630623 
 102.066983333333 
 9.19816309747497 
 20.1324629199146 
 102.06485 
 5.39742395980904 
 22.6788315891975 
 102.06485 
-1.01238228120265E-03 
 23.3050260859042 
 102.06485 
 0 
 .88 
 129.5668 
 3.62 
 .97 
 129.5668 
 8.41 
 2.85 
 129.5668 
 12.56 
 9.37 
 129.5668 
 12.16 
 14.94 
 129.57 
 9.59 
 20.24 
 129.5668 
 5.7 
 22.94 
 129.5668 
 0 
 23.59 
 129.5668 
-5.05105634429726E-03 
 1.00316071040451 
 159.3312 
 3.60986515545429 
 1.20354678238898 
 159.3312 
 7.89101507004902 
 3.1445285209172 
 159.3312 
 11.8292566036741 
 9.51349691899972 
 159.3312 
 11.4447121425078 
 14.8290955824524 
 159.333333333333 
 9.06434122680021 
 20.1016137954806 
 159.3312 
 5.4543765905249 
 22.7440765365357 
 159.3312 
 4.23795239796257E-04 
 23.4837513396638 
 159.3312 
-8.92919042992706E-03 
 1.37400025234688 
 189.0956 
 3.24265602956618 
 1.87734146813138 
 189.0956 
 6.7514192297574 
 3.80962171050318 
 189.0956 
 10.282205538452 
 9.80380337576723 
 189.0956 
 9.88248972495356 
 14.630581214614 
 189.096666666667 
 7.68492639038544 
 19.6889359680042 
 189.0956 
 4.60938095218335 
 22.0979687076548 
 189.0956 
 2.68417428733639E-04 
 22.8516267412751 
 189.0956 
 0 
 2.4 
 218.56 
 2.22 
 3.24 
 218.56 
 4.93986701727738 
 4.9 
 218.56 
 7.96 
 10.19 
 218.56 
 7.59 
 14.41 
 218.56 
 5.62358563558566 
 18.98 
 218.56 
 3.17259282425198 
 21.084 
 218.56 
 0 
 21.6 
 218.56 
 7.83129097748265E-03 
 2.96762670994066 
 228.673333333333 
 1.56039770927768 
 4.03820702211753 
 230.516666666667 
 3.8772769639019 
 5.55187988625139 
 232.01 
 6.55120034343264 
 10.401224500084 
 232.976666666667 
 6.1880101318364 
 14.3074087570792 
 233.413333333333 
 4.33743832711168 
 18.4915269488337 
 233.806666666667 
 2.20643215463167 
 20.4423716881699 
 233.722591304569 
-5.01548718230878E-05 
 20.6815830981519 
 233.873333333333 
 1.75552761112088E-02 
 3.61864073557535 
 238.786666666667 
 .795774696635598 
 4.940482721611 
 242.473333333333 
 2.71067337328566 
 6.2724387556716 
 245.46 
 5.01936339024927 
 10.6208657235347 
 247.393333333333 
 4.67544973673687 
 14.2111922440807 
 248.266666666667 
 2.95370779012318 
 17.9445356347054 
 249.053333333333 
 1.13343621749897 
 19.7472459434875 
 248.885182609139 
-3.9648537550011E-05 
 19.6321945704342 
 249.186666666667 
 2.78909259274899E-02 
 4.29 
 248.6 
 0 
 5.87 
 254.13 
 1.52 
 7.01 
 258.61 
 3.46 
 10.84 
 261.51 
 3.14 
 14.12 
 262.82 
 1.55 
 17.38 
 264 
 .03 
 19.04 
 263.747773913708 
 0 
 18.54 
 264.2 
 30.75 
 61.5 
 92.25 
 123 
 153.75 
 184.5 
 215.25 
 0 
120
16
20
90
60
20
110
-1 
 0 
Sam B.
Cat pontoons

03-16-1998

 0 
 0 
 0 
 0 
